Errors
0.1,0.0001,2.5 ------- 552.541
0.09,0.0001,2.5------- 230.883
0.11,0.0001,2.5 ------ 196

0.11,0.0001,2.5 ------- 158.94
0.1,0.0001,2.5 -------- 161.626
0.09,0.0001,2.5 ------- 169.46

0.12,0.0001,2.5 -------- 138.11
0.13,0.0001,2.5 -------- 140.735

0.125,0.0001,2.5 ------- 142.275
0.1225,0.0001,2.5 ------- 136.608
0.122,0.0001,2.5 --------- 146.718

0.1225,0.0001,3.5 -------- 144.77
0.1225,0.0001,2 --------- 147.94

0.1225,0.0001,2.4 ------- 142.601
0.1225,0.0001,2.7 ------  132.384

0.1225, 0.0001 , 2.8 ------ 129.682

steps 500
0.1225,0.0001, 2.8 ------- 247.615
0.1225,0.0001,2.9 --------- 209.863
0.1225,0.0001,3 ---------- 215.55
0.1225,0.0001,2.95 ------- 191

0.1225,0.0002,2.95 --------- 197

0.1225,0.00009,2.95 -------- 218,872
0.1225,0.00015,2.95 -------- 197.75
